10 113.038 27.5986 7.7646 4.94768
11 115.158 27.5179 7.76268 4.94335
12 130.257 26.9828 7.76719 5.05097
13 130.694 26.9683 7.76293 5.02827
14 146.753 26.4649 7.76105 5.09235
15 163.581 25.9935 7.75979 5.13503
16 179.328 25.5943 7.76261 5.22856
17 174.676 25.7085 7.75745 5.1933
18 203.234 25.0508 7.75763 5.31006
19 240.543 24.3189 7.75564 5.37909
20 235.546 24.4101 7.75692 5.43831
21 239.168 24.3438 7.75267 5.40752
22 244.529 24.2475 7.75245 5.45721
23 253.311 24.0943 7.74861 5.46836
24 257.082 24.0301 7.75219 5.52644
25 235.461 24.4116 7.74606 5.4474
26 226.695 24.5764 7.74477 5.42855
27 228.294 24.5459 7.74391 5.42926
28 240.278 24.3237 7.74494 5.45121
29 228.737 24.5374 7.74043 5.40758
30 226.826 24.5739 7.74063 5.40055
31 190.925 25.3222 7.73866 5.28779
32 150.306 26.361 7.73992 5.22704
33 156.335 26.1902 7.7353 5.17283
34 165.682 25.938 7.73572 5.18762
35 154.415 26.2439 7.73504 5.16941
36 153.153 26.2796 7.73905 5.23999
37 144.709 26.5259 7.73513 5.17277
38 149.7 26.3786 7.73264 5.20026
39 148.468 26.4145 7.73079 5.18695
40 159.208 26.1112 7.73426 5.25221
41 145.076 26.5149 7.72882 5.18642
42 148.124 26.4245 7.7306 5.21475
43 143.036 26.5764 7.72865 5.19195
44 150.369 26.3592 7.7305 5.2516
45 146.5 26.4724 7.72626 5.20011
46 149.343 26.3889 7.72484 5.23484
47 148.697 26.4078 7.72119 5.21885
48 153.51 26.2694 7.72214 5.2709
49 154.298 26.2472 7.71761 5.22382
50 151.18 26.3359 7.71595 5.23952
51 144.843 26.5218 7.71249 5.23378
52 163.212 26.0033 7.71525 5.29874
53 152.091 26.3098 7.70812 5.24894
54 160.031 26.0888 7.7087 5.27493
55 150.912 26.3436 7.70476 5.25138
56 164.008 25.9822 7.70669 5.30785
57 162.565 26.0205 7.70192 5.27442
58 161.094 26.06 7.70172 5.2886
59 163.822 25.9871 7.69707 5.285
60 166.153 25.9257 7.69808 5.33061
61 163.246 26.0024 7.69179 5.27317
62 179.722 25.5848 7.68892 5.31056
63 179.221 25.5969 7.68698 5.31539
64 186.657 25.4204 7.68406 5.3637
65 201.039 25.098 7.66533 5.37187
66 192.729 25.2813 7.66207 5.34936
67 174.971 25.7011 7.65878 5.30232
68 181.722 25.5367 7.65849 5.32082
69 209.049 24.9283 7.6567 5.3434
70 239.806 24.3322 7.65597 5.40662
71 243.113 24.2727 7.65311 5.40269
72 245.216 24.2353 7.65905 5.43847
73 241.429 24.3029 7.65765 5.41883
74 269.9 23.8188 7.65973 5.47566
75 254.669 24.071 7.66213 5.48864
76 274.935 23.7385 7.6656 5.59637
77 329.662 22.9501 7.66251 5.69615
78 357.14 22.6024 7.66605 5.78528
79 382.288 22.3069 7.66195 5.85153
80 544.899 20.7676 7.66783 6.12173
81 562.511 20.6295 7.66336 6.15498
82 566.017 20.6025 7.66305 6.1763
83 629.144 20.1433 7.66794 6.2877
84 772.625 19.2511 7.6675 6.33449
85 759.208 19.3272 7.66348 6.33143
86 786.031 19.1764 7.67046 6.36676
87 705.835 19.6438 7.67038 6.32555
88 666.875 19.8904 7.67417 6.31654
89 663.692 19.9111 7.67237 6.2917
90 666.332 19.8939 7.67496 6.30255
91 647.975 20.0152 7.67632 6.29035
92 624.943 20.1724 7.67279 6.26732
93 648.202 20.0137 7.67618 6.28847
94 613.803 20.2505 7.67157 6.26778
95 619.322 20.2116 7.67571 6.1921
96 610.83 20.2716 7.6792 6.19339
97 617.449 20.2248 7.68158 6.1911
98 557.896 20.6653 7.68051 6.13058
99 567.73 20.5894 7.68198 6.13363
100 565.524 20.6063 7.68561 6.12178
101 549.345 20.7324 7.69078 6.05969
