10 7.8079 3.04149 7.82885 4.32459 7.7646 5.19475 
11 7.80698 2.97956 7.82799 4.27027 7.76268 5.08426 
12 7.80802 3.01168 7.83005 4.28835 7.76719 5.10289 
13 7.8059 3.00067 7.82761 4.27953 7.76293 5.04837 
14 7.80318 2.9975 7.82564 4.27103 7.76105 5.07612 
15 7.80238 3.00979 7.82463 4.27972 7.75979 5.0486 
16 7.80414 3.00516 7.82619 4.27945 7.76261 5.0583 
17 7.80187 3.01158 7.82329 4.27264 7.75745 5.03065 
18 7.79955 3.02877 7.8219 4.2948 7.75763 5.08836 
19 7.79837 3.02369 7.82014 4.28138 7.75564 5.04288 
20 7.7961 3.02364 7.82005 4.27434 7.75692 5.05496 
21 7.79481 3.02691 7.81795 4.28209 7.75267 5.03628 
22 7.79273 3.02536 7.81532 4.28936 7.75245 5.07637 
23 7.79139 3.00796 7.81383 4.27555 7.74861 5.03719 
24 7.79065 3.00332 7.81413 4.2721 7.75219 5.06524 
25 7.78676 2.99302 7.80942 4.25555 7.74606 5.02393 
26 7.78522 3.00175 7.80847 4.26703 7.74477 5.05258 
27 7.78449 2.99846 7.80709 4.24238 7.74391 5.01669 
28 7.78346 3.00994 7.80669 4.26249 7.74494 5.05681 
29 7.78166 3.00411 7.80549 4.24792 7.74043 5.01355 
30 7.77956 3.00101 7.80406 4.26249 7.74063 5.05895 
31 7.77865 3.00162 7.80199 4.26313 7.73866 5.01237 
32 7.77686 3.00614 7.80102 4.25719 7.73992 5.03162 
33 7.77417 3.00937 7.79801 4.25777 7.7353 5.01647 
34 7.77398 2.99957 7.79744 4.2786 7.73572 5.06689 
35 7.77451 2.97849 7.79731 4.24703 7.73504 5.00813 
36 7.77512 2.9868 7.79935 4.2507 7.73905 5.05145 
37 7.77501 2.95077 7.79816 4.23326 7.73513 4.99923 
38 7.77235 2.96823 7.79611 4.25442 7.73264 5.05026 
39 7.77139 2.96346 7.79507 4.2544 7.73079 5.01643 
40 7.77284 2.98681 7.79616 4.27862 7.73426 5.0638 
41 7.76862 2.97168 7.79181 4.25459 7.72882 4.99816 
42 7.76883 2.98699 7.79171 4.27344 7.7306 5.05516 
43 7.768 2.98821 7.79064 4.24925 7.72865 5.01325 
44 7.7685 2.97991 7.79079 4.2368 7.7305 5.03291 
45 7.76618 2.94918 7.78851 4.24045 7.72626 4.99154 
46 7.76359 2.95458 7.78584 4.24826 7.72484 5.03962 
47 7.76068 2.94187 7.78314 4.22442 7.72119 4.98758 
48 7.76087 2.94376 7.78302 4.2307 7.72214 5.02503 
49 7.7595 2.93216 7.77964 4.20374 7.71761 4.98047 
50 7.75561 2.94064 7.7772 4.23273 7.71595 5.02659 
51 7.75353 2.96476 7.77426 4.2262 7.71249 4.99321 
52 7.7552 2.96759 7.77586 4.23871 7.71525 5.03413 
53 7.75101 2.92532 7.77103 4.19938 7.70812 4.96396 
54 7.75113 2.90613 7.7705 4.20463 7.7087 5.00963 
55 7.75038 2.91541 7.76764 4.19517 7.70476 4.95432 
56 7.74927 2.93969 7.76774 4.19088 7.70669 4.98867 
57 7.74641 2.93157 7.76475 4.19236 7.70192 4.94469 
58 7.74459 2.8921 7.76201 4.18315 7.70172 4.97378 
59 7.74186 2.87201 7.75929 4.14393 7.69707 4.90535 
60 7.73925 2.88016 7.75697 4.16451 7.69808 4.94648 
61 7.73603 2.89974 7.75328 4.1669 7.69179 4.92076 
62 7.73461 2.91826 7.75055 4.19141 7.68892 4.97839 
63 7.73135 2.89485 7.74752 4.1473 7.68698 4.91529 
64 7.72861 2.86412 7.74556 4.14746 7.68406 4.92859 
65 7.71216 2.96251 7.72728 4.24462 7.66533 5.00283 
66 7.70766 3.00616 7.72342 4.25711 7.66207 5.03521 
67 7.70454 3.0066 7.72062 4.26419 7.65878 5.00776 
68 7.70317 3.00719 7.71879 4.27473 7.65849 5.04762 
69 7.70177 3.02154 7.71741 4.27495 7.6567 5.01751 
70 7.6987 3.03353 7.71531 4.29462 7.65597 5.05986 
71 7.69823 3.02096 7.71381 4.2829 7.65311 5.0192 
72 7.70147 3.04853 7.71735 4.3097 7.65905 5.0815 
73 7.70211 3.04692 7.7176 4.29955 7.65765 5.04532 
74 7.7019 3.03413 7.71983 4.29996 7.65973 5.06803 
75 7.70644 2.90873 7.72318 4.19213 7.66213 4.97156 
76 7.70967 2.90151 7.72571 4.19032 7.6656 4.97208 
77 7.70751 2.89425 7.72365 4.17979 7.66251 4.92903 
78 7.71135 2.91826 7.72756 4.21353 7.66605 5.00616 
79 7.70623 2.92638 7.72364 4.21919 7.66195 4.98488 
80 7.70796 3.02244 7.72471 4.31763 7.66783 5.111 
81 7.70462 3.02606 7.72149 4.33293 7.66336 5.12544 
82 7.7063 3.0789 7.72283 4.37123 7.66305 5.17451 
83 7.70823 3.11394 7.72556 4.39912 7.66794 5.19603 
84 7.70969 3.1684 7.72611 4.43787 7.6675 5.22428 
85 7.70824 3.15846 7.72409 4.4252 7.66348 5.2046 
86 7.70971 3.25186 7.72701 4.4847 7.67046 5.29414 
87 7.71019 3.24238 7.72793 4.46609 7.67038 5.24005 
88 7.71162 3.22469 7.73068 4.47236 7.67417 5.26168 
89 7.71114 3.22815 7.72913 4.46596 7.67237 5.23407 
90 7.71094 3.27733 7.72952 4.48993 7.67496 5.29658 
91 7.71147 3.25434 7.73155 4.47663 7.67632 5.25591 
92 7.7068 3.21982 7.72616 4.45199 7.67279 5.21545 
93 7.70815 3.25612 7.72846 4.48135 7.67618 5.26987 
94 7.70392 3.23761 7.72353 4.44189 7.67157 5.20661 
95 7.70293 3.31165 7.7244 4.48704 7.67571 5.24064 
96 7.70717 3.17572 7.72729 4.42069 7.6792 5.21302 
97 7.70634 3.21287 7.72692 4.44249 7.68158 5.21354 
98 7.70513 3.11598 7.72672 4.36594 7.68051 5.13881 
99 7.70676 3.12297 7.72839 4.37842 7.68198 5.14689 
100 7.71201 3.0348 7.73221 4.32724 7.68561 5.10876 
101 7.71609 3.02204 7.73733 4.29694 7.69078 5.07652 
