10 675.641 19.8336 7.7646 6.19118 1443.07 1341.95
11 767.364 19.2808 7.76268 6.27273 1495.82 1452.06
12 858.328 18.7943 7.76719 6.35899 1562.07 1481.55
13 924.477 18.4718 7.76293 6.40233 1606.99 1562.93
14 1004.46 18.1115 7.76105 6.45966 1682.01 1624.85
15 1055.94 17.8944 7.75979 6.49644 1709.26 1626.82
16 1115.34 17.6567 7.76261 6.54357 1766.61 1644.04
17 1134.84 17.5814 7.75745 6.54714 1785.72 1693.02
18 1182.08 17.4043 7.75763 6.58369 1837.87 1805.4
19 1179.13 17.4152 7.75564 6.58663 1843.15 1771.31
20 1193.33 17.3632 7.75692 6.61008 1873.48 1822.63
21 1180.87 17.4088 7.75267 6.60109 1858.29 1784.51
22 1193.04 17.3643 7.75245 6.61102 1868.23 1782.75
23 1190.42 17.3738 7.74861 6.60295 1845.37 1762.67
24 1225.6 17.2473 7.75219 6.61432 1845.08 1783.08
25 1214.01 17.2886 7.74606 6.60133 1818.01 1740.85
26 1217.24 17.277 7.74477 6.59925 1819.16 1742.19
27 1207.57 17.3117 7.74391 6.58805 1792.17 1735.42
28 1211.94 17.296 7.74494 6.58326 1788.55 1717.69
29 1175.2 17.4297 7.74043 6.56109 1761.74 1739.42
30 1115.84 17.6548 7.74063 6.5463 1745.38 1693.76
31 1097.43 17.727 7.73866 6.52516 1709.88 1608.57
32 1080.46 17.7947 7.73992 6.52938 1704.43 1597.35
33 1052.42 17.9089 7.7353 6.50387 1665.13 1559.47
34 1026.35 18.0179 7.73572 6.48978 1657.37 1555.12
35 977.2 18.231 7.73504 6.46185 1621.01 1528.26
36 960.592 18.3054 7.73905 6.45858 1615.48 1504.3
37 933.913 18.4277 7.73513 6.43721 1586.78 1490.18
38 942.233 18.3892 7.73264 6.44089 1593 1527
39 927.451 18.4579 7.73079 6.42483 1568.48 1498.21
40 932.991 18.432 7.73426 6.43064 1576.7 1483.66
41 919.9 18.4934 7.72882 6.41985 1557.78 1457.96
42 919.75 18.4941 7.7306 6.41951 1560.42 1454.84
43 906.601 18.5566 7.72865 6.40955 1544.99 1436.96
44 948.712 18.3595 7.7305 6.43958 1577.92 1463.06
45 941.388 18.3931 7.72626 6.43243 1568.89 1508.57
46 955.255 18.3296 7.72484 6.45236 1587.27 1456.5
47 966.627 18.2782 7.72119 6.44977 1569.02 1493.39
48 971.346 18.2571 7.72214 6.45673 1572.78 1461.53
49 973.812 18.2461 7.71761 6.44743 1565.48 1438.58
50 979.074 18.2226 7.71595 6.46542 1597.04 1518.15
51 977.097 18.2314 7.71249 6.46726 1597.94 1505.21
52 1043.06 17.9477 7.71525 6.50452 1652.16 1550.67
53 1058.12 17.8854 7.70812 6.50944 1666.52 1601.84
54 1089.26 17.7595 7.7087 6.52544 1693.12 1553.35
55 1093.55 17.7424 7.70476 6.52664 1705.49 1667.01
56 1126.15 17.6148 7.70669 6.55183 1758.6 1697.06
57 1147.59 17.5329 7.70192 6.56545 1779.56 1739.89
58 1167.12 17.4597 7.70172 6.5921 1832.24 1746.65
59 1197.43 17.3483 7.69707 6.60959 1841.25 1766.06
60 1232.92 17.2214 7.69808 6.63516 1870.11 1857.32
61 1221.09 17.2633 7.69179 6.61466 1855.31 1822.14
62 1211.5 17.2976 7.68892 6.6239 1854.26 1805.27
63 1183.3 17.3999 7.68698 6.60287 1822.77 1784.93
64 1186.87 17.3868 7.68406 6.60938 1811.83 1748.29
65 1132.88 17.589 7.66533 6.57709 1739.95 1692.4
66 1096.62 17.7302 7.66207 6.54244 1688.6 1669.45
67 1059.28 17.8807 7.65878 6.5104 1622.08 1495.69
68 1023.52 18.0298 7.65849 6.50531 1584.8 1486.97
69 966.354 18.2794 7.6567 6.46677 1510.65 1422.35
70 958.134 18.3165 7.65597 6.45949 1479.48 1396.41
71 941.267 18.3937 7.65311 6.44572 1439.7 1393.71
72 928.976 18.4508 7.65905 6.44567 1441.75 1408.23
73 906.36 18.5578 7.65765 6.43051 1427.27 1408.46
74 898.327 18.5965 7.65973 6.4374 1445.06 1379.2
75 889.138 18.6411 7.66213 6.41587 1433.52 1382.95
76 911.45 18.5335 7.6656 6.43408 1452.26 1408.68
77 910.327 18.5388 7.66251 6.43175 1453.72 1408.78
78 938.251 18.4076 7.66605 6.46276 1474.15 1435.96
79 957.763 18.3182 7.66195 6.45874 1476.73 1421.78
80 1038.82 17.9654 7.66783 6.51512 1515.38 1463.78
81 1039.06 17.9644 7.66336 6.51725 1538.53 1484.47
82 1053.24 17.9055 7.66305 6.5317 1551.93 1497.03
83 1068.07 17.8448 7.66794 6.53664 1570.09 1521.53
84 1088.47 17.7626 7.6675 6.5587 1577.26 1501.24
85 1089.68 17.7578 7.66348 6.55217 1584.1 1517.62
86 1123.49 17.6251 7.67046 6.58124 1624.19 1579.12
87 1073.63 17.8223 7.67038 6.55567 1599.19 1538.82
88 1095.63 17.7341 7.67417 6.5672 1580.02 1519.49
89 1063.49 17.8635 7.67237 6.55289 1561.06 1527.94
90 1065.25 17.8563 7.67496 6.5612 1559.05 1509.45
91 1063.06 17.8652 7.67632 6.5464 1527.26 1479.13
92 1038.21 17.968 7.67279 6.52389 1513.3 1456.66
93 1073.71 17.8219 7.67618 6.52002 1550.88 1493.87
94 1057.98 17.886 7.67157 6.50856 1535.18 1490.3
95 1137.33 17.5719 7.67571 6.53422 1566.91 1520.2
96 1112.48 17.6679 7.6792 6.53879 1551.94 1496.44
97 1154.94 17.5052 7.68158 6.5412 1567.97 1520.52
98 1144.06 17.5463 7.68051 6.52025 1541.74 1509.29
99 1108.44 17.6837 7.68198 6.50691 1523.48 1470.24
100 1007.04 18.1004 7.68561 6.48744 1439.84 1387.93
101 941.849 18.391 7.69078 6.42423 1379.26 1333.22
