10 39.4432 31.4382 25.633 
11 39.7669 31.6451 26.179 
12 39.6026 31.5743 26.0587 
13 39.5524 31.606 26.3737 
14 39.6458 31.7406 26.3304 
15 39.5414 31.6028 26.3963 
16 39.5968 31.6158 26.3645 
17 39.5751 31.64 26.521 
18 39.5437 31.5198 26.2129 
19 39.5014 31.6728 26.5766 
20 39.5561 31.6333 26.357 
21 39.4333 31.5724 26.4699 
22 39.4536 31.5531 26.3401 
23 39.5423 31.6551 26.4795 
24 39.6419 31.6963 26.3126 
25 39.8166 31.7197 26.5551 
26 39.6253 31.7634 26.4725 
27 39.7361 31.9267 26.7089 
28 39.6074 31.7977 26.4596 
29 39.7034 31.827 26.6823 
30 39.7737 31.8455 26.5284 
31 39.7877 31.8133 26.7215 
32 39.5878 31.858 26.5954 
33 39.5045 31.7955 26.6995 
34 39.4464 31.694 26.4472 
35 39.548 31.7984 26.667 
36 39.5717 31.7355 26.3916 
37 39.7729 31.8589 26.7155 
38 39.6966 31.7937 26.4694 
39 39.8123 31.8096 26.6521 
40 39.6466 31.7307 26.4278 
41 39.7607 31.8684 26.7898 
42 39.8448 31.777 26.5309 
43 39.7029 31.9039 26.7397 
44 39.7326 31.9626 26.6452 
45 39.9045 31.9279 26.821 
46 39.9672 31.9682 26.6939 
47 40.0042 31.9958 26.9122 
48 39.9988 32.0099 26.682 
49 40.0927 32.1234 26.9244 
50 40.1343 32.0464 26.72 
51 39.8135 32.0271 26.8948 
52 39.8396 31.9773 26.6225 
53 39.9924 32.1666 27.0285 
54 40.1837 32.1957 26.8266 
55 40.1088 32.1989 27.0512 
56 39.8728 32.181 26.8653 
57 39.903 32.1887 27.0816 
58 40.2698 32.3189 27.0245 
59 40.5094 32.5181 27.4013 
60 40.352 32.3466 27.0717 
61 40.1641 32.3376 27.2103 
62 40.1143 32.182 26.9047 
63 40.2096 32.4507 27.2653 
64 40.4837 32.4497 27.2159 
65 40.1753 32.1978 27.0209 
66 40.0306 32.2622 26.9968 
67 39.8566 32.1782 27.083 
68 39.7526 32.0957 26.9163 
69 39.5232 32.1045 27.0834 
70 39.4882 31.976 26.847 
71 39.4759 32.0064 27.0481 
72 39.4177 31.9198 26.7567 
73 39.4158 31.9278 26.904 
74 39.4822 31.9293 26.7943 
75 39.8215 32.251 27.1119 
76 39.79 32.1777 26.9782 
77 39.7158 32.1888 27.2069 
78 39.9894 32.2179 26.9248 
79 39.8268 32.1453 27.0531 
80 38.7641 31.5731 26.3555 
81 38.5836 31.5242 26.3447 
82 38.2786 31.4071 26.1946 
83 37.9532 31.169 26.0048 
84 37.8132 31.143 26.0708 
85 37.8691 31.1906 26.1563 
86 37.5363 30.9943 25.8203 
87 37.5239 31.086 26.1265 
88 37.6219 31.0132 25.9973 
89 37.563 31.0957 26.1313 
90 37.2751 31.114 25.9122 
91 37.4413 31.1737 26.2036 
92 37.7016 31.2742 26.334 
93 37.6996 31.2479 26.0942 
94 37.8208 31.3887 26.4188 
95 37.5616 31.319 26.427 
96 37.9222 31.4516 26.3891 
97 37.8681 31.4651 26.4279 
98 38.2246 31.6983 26.6973 
99 38.3891 31.719 26.744 
100 38.8445 31.9282 26.8996 
101 38.9728 32.2037 27.1583 
