10 7.8079 5.50147 7.82885 5.95252 7.7646 6.32346 
11 7.80698 5.61053 7.82799 6.02547 7.76268 6.35069 
12 7.80802 5.70294 7.83005 6.08955 7.76719 6.40277 
13 7.8059 5.78191 7.82761 6.1396 7.76293 6.42697 
14 7.80318 5.86509 7.82564 6.20092 7.76105 6.47434 
15 7.80238 5.91715 7.82463 6.23563 7.75979 6.4902 
16 7.80414 5.96181 7.82619 6.27191 7.76261 6.52877 
17 7.80187 5.98938 7.82329 6.28919 7.75745 6.53418 
18 7.79955 6.0388 7.8219 6.33284 7.75763 6.57341 
19 7.79837 6.05301 7.82014 6.34128 7.75564 6.57905 
20 7.7961 6.07606 7.82005 6.36556 7.75692 6.59932 
21 7.79481 6.08776 7.81795 6.36613 7.75267 6.5949 
22 7.79273 6.07509 7.81532 6.36727 7.75245 6.59884 
23 7.79139 6.05546 7.81383 6.34968 7.74861 6.57571 
24 7.79065 6.05715 7.81413 6.34652 7.75219 6.57672 
25 7.78676 6.05145 7.80942 6.33457 7.74606 6.55553 
26 7.78522 6.03837 7.80847 6.33107 7.74477 6.55635 
27 7.78449 6.04002 7.80709 6.31987 7.74391 6.54899 
28 7.78346 6.03182 7.80669 6.3162 7.74494 6.55263 
29 7.78166 6.03239 7.80549 6.31039 7.74043 6.53722 
30 7.77956 6.00023 7.80406 6.29325 7.74063 6.53202 
31 7.77865 5.97201 7.80199 6.2619 7.73866 6.50453 
32 7.77686 5.94957 7.80102 6.24815 7.73992 6.507 
33 7.77417 5.92877 7.79801 6.22924 7.7353 6.47853 
34 7.77398 5.9007 7.79744 6.22751 7.73572 6.48705 
35 7.77451 5.88353 7.79731 6.21113 7.73504 6.47139 
36 7.77512 5.87535 7.79935 6.21556 7.73905 6.48204 
37 7.77501 5.85452 7.79816 6.19804 7.73513 6.45856 
38 7.77235 5.84898 7.79611 6.19379 7.73264 6.4618 
39 7.77139 5.83663 7.79507 6.18609 7.73079 6.44798 
40 7.77284 5.83668 7.79616 6.18827 7.73426 6.45787 
41 7.76862 5.85778 7.79181 6.18802 7.72882 6.44395 
42 7.76883 5.85905 7.79171 6.18846 7.7306 6.45394 
43 7.768 5.84661 7.79064 6.17434 7.72865 6.43731 
44 7.7685 5.8689 7.79079 6.18786 7.7305 6.45182 
45 7.76618 5.86861 7.78851 6.18454 7.72626 6.44078 
46 7.76359 5.88182 7.78584 6.20348 7.72484 6.45803 
47 7.76068 5.88982 7.78314 6.20235 7.72119 6.44917 
48 7.76087 5.88554 7.78302 6.20208 7.72214 6.46239 
49 7.7595 5.88454 7.77964 6.2076 7.71761 6.45747 
50 7.75561 5.90936 7.7772 6.22704 7.71595 6.48515 
51 7.75353 5.92232 7.77426 6.24034 7.71249 6.48997 
52 7.7552 5.97384 7.77586 6.27296 7.71525 6.5161 
53 7.75101 5.99775 7.77103 6.28947 7.70812 6.52059 
54 7.75113 6.00957 7.7705 6.30321 7.7087 6.53626 
55 7.75038 6.04099 7.76764 6.32116 7.70476 6.53795 
56 7.74927 6.07421 7.76774 6.35482 7.70669 6.57265 
57 7.74641 6.11313 7.76475 6.37143 7.70192 6.57088 
58 7.74459 6.13184 7.76201 6.38776 7.70172 6.59359 
59 7.74186 6.14391 7.75929 6.40673 7.69707 6.59561 
60 7.73925 6.16399 7.75697 6.41797 7.69808 6.61495 
61 7.73603 6.15508 7.75328 6.40265 7.69179 6.59917 
62 7.73461 6.1515 7.75055 6.40057 7.68892 6.60628 
63 7.73135 6.13621 7.74752 6.38757 7.68698 6.59121 
64 7.72861 6.13178 7.74556 6.38775 7.68406 6.59572 
65 7.71216 6.10396 7.72728 6.37189 7.66533 6.57787 
66 7.70766 6.09316 7.72342 6.36536 7.66207 6.5759 
67 7.70454 6.07042 7.72062 6.33578 7.65878 6.54924 
68 7.70317 6.04311 7.71879 6.32195 7.65849 6.53963 
69 7.70177 6.0127 7.71741 6.28395 7.6567 6.50513 
70 7.6987 5.9818 7.71531 6.25591 7.65597 6.48886 
71 7.69823 5.96473 7.71381 6.23407 7.65311 6.4566 
72 7.70147 5.96409 7.71735 6.2292 7.65905 6.46247 
73 7.70211 5.95493 7.7176 6.22357 7.65765 6.46521 
74 7.7019 5.96434 7.71983 6.24114 7.65973 6.49031 
75 7.70644 5.90071 7.72318 6.20788 7.66213 6.46924 
76 7.70967 5.92387 7.72571 6.22943 7.6656 6.48753 
77 7.70751 5.93783 7.72365 6.2421 7.66251 6.48555 
78 7.71135 5.9553 7.72756 6.25725 7.66605 6.50764 
79 7.70623 5.96589 7.72364 6.26434 7.66195 6.50244 
80 7.70796 6.00618 7.72471 6.28701 7.66783 6.53125 
81 7.70462 6.03897 7.72149 6.29571 7.66336 6.53362 
82 7.7063 6.07052 7.72283 6.31511 7.66305 6.54574 
83 7.70823 6.07494 7.72556 6.31058 7.66794 6.54616 
84 7.70969 6.11391 7.72611 6.34094 7.6675 6.56349 
85 7.70824 6.12317 7.72409 6.35933 7.66348 6.56718 
86 7.70971 6.17436 7.72701 6.40018 7.67046 6.6042 
87 7.71019 6.16952 7.72793 6.3931 7.67038 6.58836 
88 7.71162 6.17084 7.73068 6.38222 7.67417 6.59351 
89 7.71114 6.164 7.72913 6.37866 7.67237 6.58653 
90 7.71094 6.18474 7.72952 6.39027 7.67496 6.6111 
91 7.71147 6.15649 7.73155 6.37802 7.67632 6.58577 
92 7.7068 6.14836 7.72616 6.36476 7.67279 6.57655 
93 7.70815 6.1587 7.72846 6.36883 7.67618 6.58334 
94 7.70392 6.14832 7.72353 6.34621 7.67157 6.5662 
95 7.70293 6.17201 7.7244 6.36603 7.67571 6.57667 
96 7.70717 6.11971 7.72729 6.3343 7.6792 6.55414 
97 7.70634 6.12833 7.72692 6.34288 7.68158 6.55907 
98 7.70513 6.08121 7.72672 6.30591 7.68051 6.52948 
99 7.70676 6.08459 7.72839 6.29901 7.68198 6.52957 
100 7.71201 6.02688 7.73221 6.25999 7.68561 6.50338 
101 7.71609 5.99097 7.73733 6.2342 7.69078 6.48139 
