10 7.39191 46.6939 177.74 
11 6.86104 44.5218 156.74 
12 7.12556 45.2529 161.144 
13 7.20839 44.9239 149.87 
14 7.055 43.5535 151.371 
15 7.22665 44.9577 149.089 
16 7.1351 44.8233 150.185 
17 7.1708 44.5742 144.872 
18 7.22286 45.8247 155.522 
19 7.29365 44.2384 143.028 
20 7.20229 44.6431 150.446 
21 7.40889 45.2735 146.587 
22 7.37437 45.4751 151.034 
23 7.22519 44.4195 146.26 
24 7.06142 43.9999 151.991 
25 6.78292 43.7634 143.736 
26 7.08849 43.3254 146.498 
27 6.9099 41.7266 138.738 
28 7.11774 42.9846 146.934 
29 6.96207 42.6956 139.589 
30 6.85028 42.5142 144.624 
31 6.82828 42.8301 138.333 
32 7.14983 42.3916 142.41 
33 7.2883 43.0063 139.037 
34 7.38651 44.0234 147.355 
35 7.21568 42.9777 140.081 
36 7.17653 43.6044 149.251 
37 6.85153 42.3833 138.525 
38 6.973 43.0238 146.601 
39 6.78976 42.8666 140.563 
40 7.05372 43.6522 148.015 
41 6.87083 42.2903 136.174 
42 6.73903 43.1899 144.541 
43 6.96288 41.9459 137.756 
44 6.91543 41.3826 140.788 
45 6.64714 41.7149 135.201 
46 6.55174 41.3293 139.217 
47 6.49618 41.0674 132.392 
48 6.50429 40.9343 139.598 
49 6.36523 39.8788 132.021 
50 6.30453 40.5918 138.382 
51 6.78774 40.7727 132.923 
52 6.7471 41.2435 141.525 
53 6.51391 39.4837 128.894 
54 6.23318 39.2204 135.026 
55 6.34167 39.1915 128.221 
56 6.69583 39.3537 133.828 
57 6.64939 39.2836 127.327 
58 6.11078 38.1231 129.012 
59 5.78283 36.4138 118.29 
60 5.99622 37.8805 127.618 
61 6.26144 37.9591 123.608 
62 6.33366 39.3441 132.619 
63 6.19616 36.984 122.054 
64 5.81712 36.9925 123.449 
65 6.24523 39.2011 129.12 
66 6.45679 38.6245 129.838 
67 6.72078 39.3786 127.287 
68 6.88373 40.1335 132.266 
69 7.2571 40.0522 127.274 
70 7.31571 41.2554 134.396 
71 7.33655 40.9672 128.312 
72 7.4355 41.7931 137.216 
73 7.43884 41.716 132.643 
74 7.32594 41.7015 136.034 
75 6.7754 38.7243 126.441 
76 6.8247 39.3834 130.395 
77 6.94222 39.2828 123.707 
78 6.51837 39.0201 132.007 
79 6.7671 39.6784 128.165 
80 8.64309 45.266 150.498 
81 9.00998 45.7786 150.873 
82 9.66543 47.0297 156.179 
83 10.4174 49.6802 163.153 
84 10.7587 49.9782 160.693 
85 10.6212 49.4338 157.563 
86 11.467 51.7193 170.234 
87 11.4999 50.6381 158.647 
88 11.2432 51.4942 163.436 
89 11.3968 50.5253 158.471 
90 12.1778 50.3128 166.673 
91 11.7206 49.6256 155.856 
92 11.0388 48.4915 151.245 
93 11.0439 48.7859 159.83 
94 10.7398 47.2296 148.321 
95 11.4004 47.9935 148.04 
96 10.492 46.55 149.339 
97 10.6236 46.4061 148.009 
98 9.78632 43.9795 139.108 
99 9.4226 43.7699 137.619 
100 8.48451 41.712 132.776 
101 8.23757 39.1479 125.098 
