10 374.868 651.344 1058.06 
11 436.457 714.835 1100.03 
12 493.918 772.508 1156.52 
13 541.113 819.055 1188.6 
14 607.376 875.391 1245.61 
15 647.918 914.348 1275.79 
16 682.825 957.287 1324.36 
17 699.603 976.665 1333.75 
18 717.77 997.304 1369.39 
19 723.07 998.792 1379.48 
20 740.495 1020.52 1406.53 
21 750.196 1021.98 1403.68 
22 736.737 1020.37 1410.73 
23 720.802 1015.18 1390.23 
24 736.074 1020.83 1402.92 
25 742.743 1016.56 1376.37 
26 734.723 1025.62 1383.67 
27 725.518 1005.3 1379.55 
28 707.962 997.302 1364.64 
29 707.577 986.806 1338.23 
30 681.411 958.097 1308.36 
31 672.394 935.638 1278.48 
32 656.75 922.411 1276.5 
33 634.924 903.019 1248.5 
34 614.523 890.237 1233.85 
35 592.296 860.921 1208.17 
36 578.886 850.033 1199.23 
37 576.292 837.88 1174.97 
38 573.15 835.506 1185.25 
39 560.192 830.38 1172.56 
40 566.206 832.075 1175.07 
41 568.504 829.455 1163.51 
42 566.64 822.419 1161.85 
43 551.219 810.442 1148.53 
44 559.321 830.312 1160.78 
45 571.864 834.214 1156.33 
46 575.174 839.58 1171.62 
47 587.36 840.452 1158.07 
48 582.092 836.809 1166.94 
49 584.556 835.7 1162.5 
50 594.813 852.784 1193.93 
51 603.918 848.629 1186.28 
52 631.484 889.299 1223.99 
53 654.197 912.369 1242.34 
54 661.958 924.016 1258.43 
55 697.781 951.965 1275.05 
56 712.918 992.799 1325.4 
57 744.072 1012.92 1333.1 
58 759.832 1044.15 1374 
59 779.708 1063.59 1377.03 
60 794.559 1075.13 1383.45 
61 789.862 1071.36 1379.43 
62 769.667 1057.58 1379.61 
63 761.296 1053.11 1357.39 
64 755.103 1038.12 1344.74 
65 723.544 1005.08 1317.79 
66 686.364 964.726 1275.21 
67 659.63 932.988 1243.51 
68 634.966 898.984 1205.2 
69 610.729 851.328 1137.34 
70 604.033 814.749 1116.49 
71 583.577 786.515 1083.14 
72 587.955 778.395 1084.16 
73 564.524 765.675 1068.96 
74 576.809 765.5 1072.25 
75 561.701 748.177 1054.83 
76 578.651 760.396 1070.66 
77 591.601 775.26 1073.35 
78 601.965 785.607 1084.14 
79 600.881 802.715 1095.68 
80 638.783 824.922 1130.23 
81 678.987 855.526 1145.65 
82 683.962 867.861 1161.48 
83 685.31 872.525 1181.9 
84 709.881 896.747 1184.6 
85 724.131 921.719 1209.63 
86 751.549 955.983 1241.74 
87 735.461 938.598 1218.93 
88 734.903 932.707 1202.1 
89 745.042 933.061 1191.35 
90 769.561 928.001 1194.61 
91 736.06 905.522 1141.27 
92 768.12 886.783 1126.26 
93 749.936 876.583 1137.33 
94 752.758 868.71 1119.1 
95 794.631 882.742 1120.16 
96 717.904 855.841 1096 
97 735.854 864.603 1092.64 
98 711.526 818.8 1059.62 
99 713.415 814.417 1048.66 
100 641.97 751.935 993.389 
101 619.824 737.56 976.528 
