10 22.392 19.9927 17.8857 
11 21.7314 19.5887 17.7167 
12 21.1943 19.2518 17.4993 
13 20.7979 18.9977 17.3804 
14 20.2962 18.7088 17.177 
15 20.0156 18.5197 17.073 
16 19.7877 18.3204 16.9107 
17 19.6823 18.2333 16.8801 
18 19.571 18.1425 16.7655 
19 19.539 18.1361 16.7336 
20 19.4356 18.0426 16.6493 
21 19.3791 18.0364 16.6581 
22 19.4577 18.0432 16.6364 
23 19.5526 18.0654 16.6999 
24 19.4616 18.0413 16.6605 
25 19.4224 18.0595 16.7435 
26 19.4696 18.0209 16.7205 
27 19.5243 18.1078 16.7334 
28 19.6307 18.1425 16.7806 
29 19.6331 18.1885 16.8655 
30 19.7967 18.3167 16.9635 
31 19.8546 18.4197 17.0639 
32 19.9568 18.4816 17.0706 
33 20.1036 18.5738 17.1669 
34 20.2454 18.6357 17.2182 
35 20.4054 18.7812 17.3095 
36 20.5049 18.8364 17.3418 
37 20.5244 18.899 17.4305 
38 20.5481 18.9113 17.3927 
39 20.6474 18.938 17.4395 
40 20.6011 18.9292 17.4302 
41 20.5835 18.9429 17.4731 
42 20.5977 18.9799 17.4793 
43 20.7176 19.0436 17.5294 
44 20.6542 18.9384 17.4833 
45 20.5579 18.918 17.5 
46 20.5328 18.8902 17.443 
47 20.4418 18.8857 17.4935 
48 20.4809 18.9045 17.4603 
49 20.4625 18.9103 17.4769 
50 20.387 18.8224 17.361 
51 20.321 18.8436 17.3889 
52 20.1272 18.6403 17.253 
53 19.9737 18.5291 17.1884 
54 19.9225 18.474 17.1325 
55 19.6936 18.3446 17.0755 
56 19.6004 18.1622 16.9073 
57 19.4147 18.075 16.8822 
58 19.3236 17.9432 16.7509 
59 19.2115 17.863 16.7414 
60 19.1295 17.8162 16.7212 
61 19.1553 17.8314 16.7338 
62 19.2678 17.8877 16.7333 
63 19.3153 17.9061 16.8038 
64 19.3507 17.9683 16.8444 
65 19.5362 18.1088 16.9324 
66 19.7653 18.2868 17.075 
67 19.9378 18.432 17.1843 
68 20.1033 18.5933 17.3202 
69 20.2723 18.8298 17.5719 
70 20.3202 19.0206 17.6523 
71 20.4698 19.1737 17.7839 
72 20.4374 19.2188 17.7799 
73 20.614 19.2904 17.8412 
74 20.5205 19.2914 17.8278 
75 20.6358 19.3908 17.899 
76 20.5066 19.3204 17.8343 
77 20.4105 19.2363 17.8234 
78 20.3351 19.1788 17.78 
79 20.3429 19.0852 17.734 
80 20.0773 18.9667 17.5991 
81 19.8122 18.8085 17.5403 
82 19.7805 18.7463 17.4807 
83 19.7719 18.723 17.405 
84 19.6189 18.6041 17.3951 
85 19.5326 18.4848 17.3043 
86 19.3712 18.3263 17.1905 
87 19.4652 18.406 17.271 
88 19.4685 18.4334 17.3314 
89 19.409 18.4317 17.3704 
90 19.2684 18.4553 17.3585 
91 19.4617 18.5618 17.5569 
92 19.2765 18.6526 17.6144 
93 19.3806 18.7029 17.5719 
94 19.3643 18.7421 17.6421 
95 19.1291 18.6725 17.638 
96 19.5701 18.8069 17.7327 
97 19.4629 18.7626 17.746 
98 19.6089 18.999 17.8793 
99 19.5974 19.0223 17.9245 
100 20.0557 19.369 18.1596 
101 20.2081 19.4528 18.234 
