10 1058.06 17.8857 7.7646 6.32346
11 1100.03 17.7167 7.76268 6.35069
12 1156.52 17.4993 7.76719 6.40277
13 1188.6 17.3804 7.76293 6.42697
14 1245.61 17.177 7.76105 6.47434
15 1275.79 17.073 7.75979 6.4902
16 1324.36 16.9107 7.76261 6.52877
17 1333.75 16.8801 7.75745 6.53418
18 1369.39 16.7655 7.75763 6.57341
19 1379.48 16.7336 7.75564 6.57905
20 1406.53 16.6493 7.75692 6.59932
21 1403.68 16.6581 7.75267 6.5949
22 1410.73 16.6364 7.75245 6.59884
23 1390.23 16.6999 7.74861 6.57571
24 1402.92 16.6605 7.75219 6.57672
25 1376.37 16.7435 7.74606 6.55553
26 1383.67 16.7205 7.74477 6.55635
27 1379.55 16.7334 7.74391 6.54899
28 1364.64 16.7806 7.74494 6.55263
29 1338.23 16.8655 7.74043 6.53722
30 1308.36 16.9635 7.74063 6.53202
31 1278.48 17.0639 7.73866 6.50453
32 1276.5 17.0706 7.73992 6.507
33 1248.5 17.1669 7.7353 6.47853
34 1233.85 17.2182 7.73572 6.48705
35 1208.17 17.3095 7.73504 6.47139
36 1199.23 17.3418 7.73905 6.48204
37 1174.97 17.4305 7.73513 6.45856
38 1185.25 17.3927 7.73264 6.4618
39 1172.56 17.4395 7.73079 6.44798
40 1175.07 17.4302 7.73426 6.45787
41 1163.51 17.4731 7.72882 6.44395
42 1161.85 17.4793 7.7306 6.45394
43 1148.53 17.5294 7.72865 6.43731
44 1160.78 17.4833 7.7305 6.45182
45 1156.33 17.5 7.72626 6.44078
46 1171.62 17.443 7.72484 6.45803
47 1158.07 17.4935 7.72119 6.44917
48 1166.94 17.4603 7.72214 6.46239
49 1162.5 17.4769 7.71761 6.45747
50 1193.93 17.361 7.71595 6.48515
51 1186.28 17.3889 7.71249 6.48997
52 1223.99 17.253 7.71525 6.5161
53 1242.34 17.1884 7.70812 6.52059
54 1258.43 17.1325 7.7087 6.53626
55 1275.05 17.0755 7.70476 6.53795
56 1325.4 16.9073 7.70669 6.57265
57 1333.1 16.8822 7.70192 6.57088
58 1374 16.7509 7.70172 6.59359
59 1377.03 16.7414 7.69707 6.59561
60 1383.45 16.7212 7.69808 6.61495
61 1379.43 16.7338 7.69179 6.59917
62 1379.61 16.7333 7.68892 6.60628
63 1357.39 16.8038 7.68698 6.59121
64 1344.74 16.8444 7.68406 6.59572
65 1317.79 16.9324 7.66533 6.57787
66 1275.21 17.075 7.66207 6.5759
67 1243.51 17.1843 7.65878 6.54924
68 1205.2 17.3202 7.65849 6.53963
69 1137.34 17.5719 7.6567 6.50513
70 1116.49 17.6523 7.65597 6.48886
71 1083.14 17.7839 7.65311 6.4566
72 1084.16 17.7799 7.65905 6.46247
73 1068.96 17.8412 7.65765 6.46521
74 1072.25 17.8278 7.65973 6.49031
75 1054.83 17.899 7.66213 6.46924
76 1070.66 17.8343 7.6656 6.48753
77 1073.35 17.8234 7.66251 6.48555
78 1084.14 17.78 7.66605 6.50764
79 1095.68 17.734 7.66195 6.50244
80 1130.23 17.5991 7.66783 6.53125
81 1145.65 17.5403 7.66336 6.53362
82 1161.48 17.4807 7.66305 6.54574
83 1181.9 17.405 7.66794 6.54616
84 1184.6 17.3951 7.6675 6.56349
85 1209.63 17.3043 7.66348 6.56718
86 1241.74 17.1905 7.67046 6.6042
87 1218.93 17.271 7.67038 6.58836
88 1202.1 17.3314 7.67417 6.59351
89 1191.35 17.3704 7.67237 6.58653
90 1194.61 17.3585 7.67496 6.6111
91 1141.27 17.5569 7.67632 6.58577
92 1126.26 17.6144 7.67279 6.57655
93 1137.33 17.5719 7.67618 6.58334
94 1119.1 17.6421 7.67157 6.5662
95 1120.16 17.638 7.67571 6.57667
96 1096 17.7327 7.6792 6.55414
97 1092.64 17.746 7.68158 6.55907
98 1059.62 17.8793 7.68051 6.52948
99 1048.66 17.9245 7.68198 6.52957
100 993.389 18.1596 7.68561 6.50338
101 976.528 18.234 7.69078 6.48139
