10 81.8717 28.9995 7.7646 4.40545
11 84.2452 28.8754 7.76268 4.36789
12 95.1455 28.3469 7.76719 4.46228
13 98.4003 28.2008 7.76293 4.41269
14 107.434 27.8194 7.76105 4.46261
15 111.157 27.6714 7.75979 4.45523
16 120.215 27.3312 7.76261 4.53919
17 122.397 27.2531 7.75745 4.48366
18 133.408 26.879 7.75763 4.53739
19 137.851 26.7367 7.75564 4.54686
20 145.339 26.507 7.75692 4.61997
21 143.825 26.5525 7.75267 4.57373
22 143.81 26.5529 7.75245 4.60323
23 135.756 26.8032 7.74861 4.57698
24 136.587 26.7767 7.75219 4.66652
25 127.584 27.0728 7.74606 4.57618
26 126.654 27.1046 7.74477 4.59463
27 125.124 27.1574 7.74391 4.58871
28 124.846 27.1671 7.74494 4.65225
29 115.085 27.5206 7.74043 4.56752
30 116.791 27.4567 7.74063 4.58593
31 114.302 27.5502 7.73866 4.55103
32 116.218 27.4781 7.73992 4.61133
33 113.163 27.5938 7.7353 4.54395
34 118.965 27.3766 7.73572 4.55514
35 113.848 27.5675 7.73504 4.53967
36 115.888 27.4904 7.73905 4.61912
37 106.51 27.8569 7.73513 4.53523
38 107.008 27.8366 7.73264 4.55913
39 101.639 28.0602 7.73079 4.54463
40 105.8 27.886 7.73426 4.62176
41 97.2452 28.2521 7.72882 4.53525
42 99.4873 28.1531 7.7306 4.58198
43 98.8901 28.1793 7.72865 4.55685
44 105.217 27.9099 7.7305 4.62644
45 101.102 28.0832 7.72626 4.55969
46 106.593 27.8535 7.72484 4.60321
47 104.98 27.9197 7.72119 4.57992
48 108.722 27.7676 7.72214 4.65413
49 104.499 27.9397 7.71761 4.58723
50 104.671 27.9325 7.71595 4.61851
51 100.172 28.1234 7.71249 4.5887
52 102.957 28.0042 7.71525 4.65444
53 96.4786 28.2865 7.70812 4.57828
54 98.7611 28.1849 7.7087 4.62573
55 97.1993 28.2542 7.70476 4.58046
56 102.455 28.0255 7.70669 4.63494
57 99.8666 28.1366 7.70192 4.5758
58 104.337 27.9464 7.70172 4.60336
59 102.225 28.0352 7.69707 4.57224
60 106.788 27.8456 7.69808 4.63901
61 104.818 27.9264 7.69179 4.57054
62 112.31 27.6266 7.68892 4.62562
63 111.657 27.6519 7.68698 4.60107
64 116.2 27.4787 7.68406 4.65431
65 122.525 27.2486 7.66533 4.82636
66 127.6 27.0723 7.66207 4.88273
67 129.308 27.0146 7.65878 4.88455
68 137.754 26.7398 7.65849 4.94503
69 141.397 26.6264 7.6567 4.90588
70 152.785 26.29 7.65597 4.93654
71 158.306 26.1358 7.65311 4.92938
72 165.456 25.944 7.65905 4.97418
73 164.96 25.957 7.65765 4.93082
74 171.232 25.795 7.65973 4.96172
75 152.261 26.3049 7.66213 4.75505
76 123.892 27.2004 7.6656 4.74759
77 125.195 27.1549 7.66251 4.69419
78 140.771 26.6457 7.66605 4.81313
79 151.108 26.3379 7.66195 4.79872
80 162.203 26.0302 7.66783 4.95411
81 171.111 25.798 7.66336 4.92048
82 184.269 25.4763 7.66305 5.01248
83 205.131 25.0105 7.66794 5.10422
84 227.23 24.5661 7.6675 5.20254
85 239.332 24.3408 7.66348 5.26825
86 279.525 23.6666 7.67046 5.43522
87 283.61 23.6036 7.67038 5.3914
88 293.586 23.4535 7.67417 5.42331
89 270.559 23.8082 7.67237 5.34987
90 294.83 23.4351 7.67496 5.44144
91 287.86 23.539 7.67632 5.36549
92 249.387 24.1621 7.67279 5.30976
93 266.913 23.8671 7.67618 5.34892
94 284.787 23.5856 7.67157 5.30753
95 293.362 23.4568 7.67571 5.34227
96 277.479 23.6985 7.6792 5.24999
97 268.453 23.8421 7.68158 5.27605
98 258.116 24.0127 7.68051 5.17272
99 220.899 24.6889 7.68198 5.21978
100 219.551 24.7154 7.68561 5.14532
101 210.705 24.8941 7.69078 5.13816
