10 289.211 23.5187 7.7646 5.51882
11 300.926 23.3462 7.76268 5.55973
12 317.378 23.115 7.76719 5.61576
13 319.971 23.0797 7.76293 5.61586
14 343.93 22.7661 7.76105 5.669
15 351.144 22.676 7.75979 5.66623
16 372.754 22.4166 7.76261 5.71815
17 373.75 22.405 7.75745 5.70665
18 396.111 22.1526 7.75763 5.75647
19 395.436 22.16 7.75564 5.74235
20 414.084 21.9599 7.75692 5.77865
21 406.469 22.0405 7.75267 5.76054
22 411.879 21.9831 7.75245 5.77919
23 404.206 22.0648 7.74861 5.75214
24 410.576 21.9969 7.75219 5.77066
25 395.751 22.1566 7.74606 5.73559
26 397.607 22.1363 7.74477 5.74694
27 383.782 22.29 7.74391 5.71481
28 385.812 22.267 7.74494 5.73077
29 370.241 22.446 7.74043 5.69349
30 367.453 22.4788 7.74063 5.70134
31 353.394 22.6482 7.73866 5.66063
32 356.931 22.605 7.73992 5.6821
33 344.434 22.7597 7.7353 5.64457
34 348.4 22.71 7.73572 5.66239
35 334.416 22.8879 7.73504 5.63188
36 340.968 22.8037 7.73905 5.66138
37 325.356 23.0072 7.73513 5.62542
38 330.677 22.9368 7.73264 5.64542
39 320.295 23.0753 7.73079 5.61457
40 326.329 22.9943 7.73426 5.6386
41 315.455 23.1414 7.72882 5.60245
42 322.048 23.0516 7.7306 5.63082
43 309.852 23.2193 7.72865 5.59661
44 318.399 23.1011 7.7305 5.62089
45 310.012 23.217 7.72626 5.58939
46 318.752 23.0963 7.72484 5.62195
47 309.461 23.2248 7.72119 5.59023
48 315.378 23.1425 7.72214 5.61645
49 307.978 23.2456 7.71761 5.58496
50 314.135 23.1596 7.71595 5.61517
51 307.602 23.2509 7.71249 5.58955
52 321.739 23.0558 7.71525 5.62901
53 315.241 23.1444 7.70812 5.59758
54 323.362 23.0339 7.7087 5.62633
55 314.67 23.1523 7.70476 5.59061
56 330.253 22.9423 7.70669 5.63139
57 323.619 23.0305 7.70192 5.61064
58 337.601 22.8468 7.70172 5.64918
59 330.942 22.9333 7.69707 5.623
60 342.124 22.789 7.69808 5.65577
61 335.269 22.8769 7.69179 5.62626
62 344.834 22.7547 7.68892 5.65954
63 334.018 22.8931 7.68698 5.63396
64 338.556 22.8345 7.68406 5.64728
65 328.535 22.965 7.66533 5.64779
66 320.976 23.0661 7.66207 5.67976
67 307.42 23.2535 7.65878 5.64935
68 311.998 23.1893 7.65849 5.67828
69 302.192 23.328 7.6567 5.64766
70 310.668 23.2078 7.65597 5.67167
71 306.142 23.2716 7.65311 5.64195
72 318.865 23.0947 7.65905 5.68078
73 315.068 23.1468 7.65765 5.65819
74 324.835 23.0142 7.65973 5.67996
75 324.27 23.0217 7.66213 5.60781
76 335.279 22.8767 7.6656 5.64233
77 337.947 22.8423 7.66251 5.63299
78 352.637 22.6575 7.66605 5.66997
79 349.751 22.6932 7.66195 5.653
80 364.523 22.5136 7.66783 5.71422
81 366.484 22.4902 7.66336 5.70252
82 377.706 22.3593 7.66305 5.74146
83 396.237 22.1513 7.66794 5.75861
84 405.076 22.0554 7.6675 5.79501
85 410.892 21.9935 7.66348 5.79109
86 438.29 21.7132 7.67046 5.87539
87 427.465 21.8218 7.67038 5.83599
88 423.185 21.8655 7.67417 5.84038
89 414.168 21.959 7.67237 5.8189
90 420.646 21.8916 7.67496 5.85873
91 408.879 22.0149 7.67632 5.82238
92 410.148 22.0014 7.67279 5.78968
93 432.677 21.7692 7.67618 5.82727
94 439.956 21.6967 7.67157 5.80278
95 474.711 21.3665 7.67571 5.8584
96 472.284 21.3888 7.6792 5.83143
97 484.397 21.2788 7.68158 5.8436
98 474.44 21.369 7.68051 5.79539
99 468.826 21.4207 7.68198 5.80194
100 422.267 21.8749 7.68561 5.74998
101 382.262 22.3072 7.69078 5.70482
