10 595.574 924.079 1356.42 

11 680.356 1009.35 1353.53 

12 746.265 1072.42 1375.65 

13 805.272 1133.36 1405.81 

14 867.434 1192.05 1452.56 

15 914.661 1221.13 1447.63 

16 954.697 1257.69 1478.51 

17 985.15 1280.2 1480.71 

18 1019.82 1308.48 1520.99 

19 1036.87 1330.67 1504.92 

20 1059.58 1343.92 1509.45 

21 1061.57 1345.92 1494.59 

22 1058.49 1339.02 1504.64 

23 1050.51 1325.42 1482.25 

24 1037.08 1308.75 1472.14 

25 1034.51 1305.61 1466 

26 1027.94 1298.14 1481.3 

27 1018.95 1284.81 1455.99 

28 1006.74 1273.18 1448.83 

29 994.37 1263.02 1447.05 

30 966.189 1237.85 1433.03 

31 946.348 1219.17 1409.67 

32 934.206 1204.9 1403.23 

33 910.622 1181.89 1390.2 

34 880.527 1156.72 1388.94 

35 861.521 1137.99 1359.02 

36 844.61 1127.64 1343.4 

37 837.513 1114.15 1336.04 

38 836.357 1118.97 1346.4 

39 826.203 1104.07 1326.07 

40 828.349 1107.7 1318.88 

41 827.422 1108.16 1311.73 

42 823.545 1103.15 1320.02 

43 818.376 1095.74 1299.54 

44 837.101 1116 1326.62 

45 842.69 1116.65 1322.19 

46 845.335 1123.85 1352.61 

47 844.705 1120.88 1330.53 

48 841.238 1112.21 1329.95 

49 844.715 1116.82 1325.1 

50 864.469 1141.26 1366.25 

51 881.085 1148.77 1351.75 

52 922.976 1189.95 1385.93 

53 956.703 1222.09 1400.15 

54 975.192 1240.66 1426.82 

55 997.441 1263.8 1427.88 

56 1038.97 1303.58 1458.61 

57 1076.04 1338.11 1475.7 

58 1116.88 1371.23 1518.76 

59 1141.25 1396.61 1513.38 

60 1157.65 1409.69 1523.14 

61 1156.54 1404.39 1512.48 

62 1146.09 1393.03 1513.77 

63 1131.19 1376.21 1483.45 

64 1114.35 1351.26 1458.87 

65 1057.38 1289.77 1410.65 

66 1011.05 1245.59 1388.81 

67 962.549 1197.1 1328.18 

68 918.921 1155.08 1295.34 

69 866.078 1091.24 1231.26 

70 834.951 1054.66 1209.87 

71 812.16 1024.69 1162.04 

72 799.964 1013.53 1157.61 

73 798.686 1010.41 1146.95 

74 802.701 1015.03 1147.98 

75 797.069 1006.05 1130.52 

76 813.822 1016.18 1114.13 

77 829.767 1027.74 1108.45 

78 839.902 1041.28 1124.93 

79 855.886 1052.63 1111.75 

80 874.676 1073.25 1135.3 
